0000000000000000000000000000000000000000000000000000000100000010,5000 ps,(1.0)
0000000000000000000000000000000000000000000000010000001000000000,5000 ps,(2.0)
0000000000000000000000000000000000000000000000100000001100000000,5000 ps,(3.0)
0000000000000000000000000000000000000000000000110000001000000011,5000 ps,(2.0)
0000000000000000000000000000000000000000000001000000001000000001,11000 ps,(2.0)
0000000000000000000000000000000000000000000001010000001100000001,11000 ps,(3.0)
0000000000000000000000000000000000000000000001100000001000000001,11000 ps,(2.0)
0000000000000000000000000000000000000000000001110000001100000010,11000 ps,(3.0)
0000000000000000000000000000000000000000000010000000000000000010,11000 ps,(0.0)
0000000000000000000000000000000000000000000010010000000100000000,11000 ps,(1.0)
0000000000000000000000000000000000000000000010100000000000000001,11000 ps,(0.0)
0000000000000000000000000000000000000000000010110000000000000001,17000 ps,(0.0)
0000000000000000000000000000000000000000000011000000001000000011,79000 ps,(2.0)
0000000000000000000000000000000000000000000011010000000000000010,79000 ps,(0.0)
0000000000000000000000000000000000000000000011100000000100000010,79000 ps,(1.0)
0000000000000000000000000000000000000000000011110000001100000010,79000 ps,(3.0)
0000000000000000000000000000000000000000000100000000001100000001,108000 ps,(3.0)
0000000000000000000000000000000000000000000100010000001000000011,147000 ps,(2.0)
0000000000000000000000000000000000000000000100100000000000000011,147000 ps,(0.0)
0000000000000000000000000000000000000000000100110000001000000000,147000 ps,(2.0)
0000000000000000000000000000000000000000000101000000000000000011,147000 ps,(0.0)
