0000000000000000000000000000000000000000000000000000000000000000,0 ps,(0,0)
0000000000000000000000000000000000000000000000000001001000000010,129000 ps,(2,0)
0000000000000000000000000000000000000000000000010001001000000010,201000 ps,(2,0)
0000000000000000000000000000000000000000000000100001001000000010,273000 ps,(2,0)
0000000000000000000000000000000000000000000000110001001000000010,345000 ps,(2,0)
0000000000000000000000000000000000000000000001000001001000000010,417000 ps,(2,0)
0000000000000000000000000000000000000000000001010000001100000011,474000 ps,(3,0)
0000000000000000000000000000000000000000000001100000001100000011,533000 ps,(3,0)
0000000000000000000000000000000000000000000001110000001100000011,592000 ps,(3,0)
0000000000000000000000000000000000000000000010000000001100000011,651000 ps,(3,0)
0000000000000000000000000000000000000000000010010000001100000011,710000 ps,(3,0)
0000000000000000000000000000000000000000000010100011000000110000,748000 ps,(0,3)
0000000000000000000000000000000000000000000010110011000000110000,807000 ps,(0,3)
0000000000000000000000000000000000000000000011000011000000110000,866000 ps,(0,3)
0000000000000000000000000000000000000000000011010011000000110000,925000 ps,(0,3)
0000000000000000000000000000000000000000000011110010001100100011,959000 ps,(3,2)
0000000000000000000000000000000000000000000011100011000000110000,984000 ps,(0,3)
0000000000000000000000000000000000000000000100000010001100100011,1035000 ps,(3,2)
0000000000000000000000000000000000000000000100010010001100100011,1111000 ps,(3,2)
0000000000000000000000000000000000000000000100100010001100100011,1187000 ps,(3,2)
0000000000000000000000000000000000000000000100110010001100100011,1263000 ps,(3,2)
0000000000000000000000000000000000000000000101000001001100010011,1383000 ps,(3,1)
0000000000000000000000000000000000000000000101010001001100010011,1459000 ps,(3,1)
0000000000000000000000000000000000000000000101100001001100010011,1535000 ps,(3,1)
0000000000000000000000000000000000000000000101110001001100010011,1611000 ps,(3,1)
0000000000000000000000000000000000000000000110010011001000110010,1613000 ps,(2,3)
0000000000000000000000000000000000000000000110000001001100010011,1687000 ps,(3,1)
0000000000000000000000000000000000000000000110100011001000110010,1689000 ps,(2,3)
0000000000000000000000000000000000000000000110110011001000110010,1765000 ps,(2,3)
0000000000000000000000000000000000000000000111000011001000110010,1841000 ps,(2,3)
0000000000000000000000000000000000000000000111010011001000110010,1917000 ps,(2,3)
0000000000000000000000000000000000000000000111100011000100110001,2037000 ps,(1,3)
0000000000000000000000000000000000000000000111110011000100110001,2113000 ps,(1,3)
0000000000000000000000000000000000000000001000000011000100110001,2189000 ps,(1,3)
0000000000000000000000000000000000000000001000010011000100110001,2265000 ps,(1,3)
0000000000000000000000000000000000000000001000100011000100110001,2341000 ps,(1,3)
